function [A,B]=jacobian_tank6Eq(x,u)

A=[-299226832345163/(9007199254740992*x(1)^(1/2)),0,0,0,0,-1/100;...
299226832345163/(9007199254740992*x(1)^(1/2)),-299226832345163/(9007199254740992*x(2)^(1/2)),0,0,0,0;...
0,299226832345163/(9007199254740992*x(2)^(1/2)),-299226832345163/(9007199254740992*x(3)^(1/2)),0,0,0;...
0,0,299226832345163/(9007199254740992*x(3)^(1/2)),-299226832345163/(9007199254740992*x(4)^(1/2)),0,0;...
0,0,0,299226832345163/(9007199254740992*x(4)^(1/2)),-299226832345163/(9007199254740992*x(5)^(1/2)),0;...
0,0,0,0,299226832345163/(9007199254740992*x(5)^(1/2)),-299226832345163/(9007199254740992*x(6)^(1/2))];

B=[1;...
0;...
0;...
0;...
0;...
0];

