function [A,B]=jacobian_cstrDiscr(x,u,T)

A=[-(T/2 + 72000000000*T*exp(-8750/(x(2) + 350)) - 1)/(T/2 + 1),-(630000000000000*T*exp(-8750/(x(2) + 350))*(x(1) + 1/2))/((T/2 + 1)*(x(2) + 350)^2);...
-((1500*T)/239 - (3600000000000000*T*exp(-8750/(x(2) + 350)))/239)/((739*T)/478 + 1),((31500000000000000000*T*exp(-8750/(x(2) + 350))*(x(1) + 1/2))/(239*(x(2) + 350)^2) - (7639*T)/478 + 1)/((739*T)/478 + 1)];

B=[T,0;...
0,T];

