function [A,B]=jacobian_freeParam_tank6paramEq(x,u,p)

A=[-(3*2^(1/2)*109^(1/2)*p(1))/(20*x(1)^(1/2)),0,0,0,0,-1/100;...
(3*2^(1/2)*109^(1/2)*p(1))/(20*x(1)^(1/2)),-(3*2^(1/2)*109^(1/2)*p(1))/(20*x(2)^(1/2)),0,0,0,0;...
0,(3*2^(1/2)*109^(1/2)*p(1))/(20*x(2)^(1/2)),-(3*2^(1/2)*109^(1/2)*p(1))/(20*x(3)^(1/2)),0,0,0;...
0,0,(3*2^(1/2)*109^(1/2)*p(1))/(20*x(3)^(1/2)),-(3*2^(1/2)*109^(1/2)*p(1))/(20*x(4)^(1/2)),0,0;...
0,0,0,(3*2^(1/2)*109^(1/2)*p(1))/(20*x(4)^(1/2)),-(3*2^(1/2)*109^(1/2)*p(1))/(20*x(5)^(1/2)),0;...
0,0,0,0,(3*2^(1/2)*109^(1/2)*p(1))/(20*x(5)^(1/2)),-(3*2^(1/2)*109^(1/2)*p(1))/(20*x(6)^(1/2))];

B=[1;...
0;...
0;...
0;...
0;...
0];

